0	0
0.0333666666666667	-1.21514363827186e-08
0.0667333333333333	-8.78869952910088e-09
0.1001	-6.09826196294153e-09
0.133466666666667	-1.77991918583589e-08
0.166833333333333	-3.2632567365128e-08
0.2002	-2.27297386144386e-08
0.233566666666667	-2.04886752581138e-08
0.266933333333333	-1.86957075286418e-08
0.3003	-9.01289046748788e-09
0.333666666666667	-1.56973731859887e-09
0.367033333333333	8.79105313956516e-09
0.4004	1.10342729119639e-08
0.433766666666667	2.3867543885076e-08
0.467133333333333	2.29698895762172e-08
0.5005	2.05014610879333e-08
0.533866666666667	1.98282839673828e-08
0.567233333333333	2.18478534956905e-08
0.6006	2.45408037000482e-08
0.633966666666667	1.37263325610108e-08
0.667333333333333	8.97030920141244e-10
0.7007	-4.48502737851896e-10
0.734066666666667	-1.03580233755912e-08
0.767433333333333	-1.93680831494125e-08
0.8008	-1.89198348559352e-08
0.834166666666667	-3.15123887285353e-08
0.867533333333333	-3.3528682285521e-08
0.9009	-2.29538404972945e-08
0.934266666666667	-1.08063861690371e-08
0.967633333333333	-9.90965422103588e-09
1.001	-1.05822015917594e-08
1.03436666666667	-1.1212473029657e-09
1.06773333333333	9.91264394243645e-09
1.1011	1.10342729119639e-08
1.13446666666667	1.21559336870382e-08
1.16783333333333	1.21559336870382e-08
1.2012	1.21559336870382e-08
1.23456666666667	1.26046145359523e-08
1.26793333333333	1.3277638989878e-08
1.3013	2.46688909981801e-09
1.33466666666667	-8.78869952910088e-09
1.36803333333333	-8.78869952910088e-09
1.4014	-1.95922041155965e-08
1.43476666666667	-2.00404396868552e-08
1.46813333333333	-2.09368981071538e-08
1.5015	-2.13851209561937e-08
1.53486666666667	-2.13851209561937e-08
1.56823333333333	-2.11610063511191e-08
1.6016	-1.01338387983135e-08
1.63496666666667	0
1.66833333333333	1.01369684641201e-08
1.7017	1.10342729119639e-08
1.73506666666667	1.26046145359523e-08
1.76843333333333	1.28289517798546e-08
1.8018	1.23802772920499e-08
1.83516666666667	8.97030920141244e-10
1.86853333333333	1.56981365191122e-09
1.9019	-7.66771303161906e-09
1.93526666666667	-7.21930571040761e-09
1.96863333333333	-8.78869952910088e-09
2.002	-1.03580233755912e-08
2.03536666666667	-1.03580233755912e-08
2.06873333333333	-2.04886752581138e-08
2.1021	-2.02645542919298e-08
2.13546666666667	-1.05822015917594e-08
2.16883333333333	-1.23756082377775e-08
2.2022	-1.56973731859887e-09
2.23556666666667	-2.2425454948063e-10
2.26893333333333	1.19316028042452e-08
2.3023	1.14829346775499e-08
2.33566666666667	2.13990517856985e-08
2.36903333333333	1.05856175074873e-08
2.4024	1.23802772920499e-08
2.43576666666667	2.46688909981801e-09
2.46913333333333	2.24261546700929e-09
2.5025	-9.90965422103588e-09
2.53586666666667	-9.90965422103588e-09
2.56923333333333	-1.95922041155965e-08
2.6026	-1.91439558221192e-08
2.63596666666667	-2.00404396868552e-08
2.66933333333333	-2.20574329658708e-08
2.7027	-1.14789208175419e-08
2.73606666666667	-1.05822015917594e-08
2.76943333333333	8.97030920141244e-10
2.8028	2.2425454948063e-10
2.83616666666667	1.01369684641201e-08
2.86953333333333	1.03612866246943e-08
2.9029	2.27454759990025e-08
2.93626666666667	2.3867543885076e-08
2.96963333333333	2.40919638234e-08
3.003	1.21559336870382e-08
3.03636666666667	1.21559336870382e-08
3.06973333333333	1.28289517798546e-08
3.1031	2.24261546700929e-09
3.13646666666667	-8.78869952910088e-09
3.16983333333333	-9.01289046748788e-09
3.2032	-9.23708776698424e-09
3.23656666666667	-2.00404396868552e-08
3.26993333333333	-2.00404396868552e-08
3.3033	-2.02645542919298e-08
3.33666666666667	-9.90965422103588e-09
3.37003333333333	-1.03580233755912e-08
3.4034	-1.03580233755912e-08
3.43676666666667	6.72770009551252e-10
3.47013333333333	1.12586037947569e-08
3.5035	1.08099420291709e-08
3.53686666666667	1.08099420291709e-08
3.57023333333333	2.25210687828971e-08
3.6036	1.19316028042452e-08
3.63696666666667	1.17072655603429e-08
3.67033333333333	1.19316028042452e-08
3.7037	1.56981365191122e-09
3.73706666666667	2.24261546700929e-09
3.77043333333333	-9.23708776698424e-09
3.8038	-1.01338387983135e-08
3.83716666666667	-1.03580233755912e-08
3.87053333333333	-2.09368981071538e-08
3.9039	-9.90965422103588e-09
3.93726666666667	-1.05822015917594e-08
3.97063333333333	-6.72750926223163e-10
4.004	-8.97005475703793e-10
4.03736666666667	0
4.07073333333333	1.12586037947569e-08
4.1041	2.16234526406945e-08
4.13746666666667	2.09502500757066e-08
4.17083333333333	2.11746509307025e-08
4.2042	1.14829346775499e-08
4.23756666666667	1.21559336870382e-08
4.27093333333333	1.21559336870382e-08
4.3043	8.97030920141244e-10
4.33766666666667	1.12129183073124e-09
4.37103333333333	-9.23708776698424e-09
4.4044	-8.78869952910088e-09
4.43776666666667	-2.02645542919298e-08
4.47113333333333	-2.11610063511191e-08
4.5045	-2.16092228390496e-08
4.53786666666667	-1.01338387983135e-08
4.57123333333333	-1.01338387983135e-08
4.6046	4.48509098961259e-10
4.63796666666667	1.05856175074873e-08
4.67133333333333	1.05856175074873e-08
4.7047	1.14829346775499e-08
4.73806666666667	1.21559336870382e-08
4.77143333333333	2.31943031534319e-08
4.8048	2.27454759990025e-08
4.83816666666667	2.27454759990025e-08
4.87153333333333	1.26046145359523e-08
4.9049	1.35019889559991e-08
4.93826666666667	2.24261546700929e-09
4.97163333333333	1.79408092361058e-09
5.005	-9.23708776698424e-09
5.03836666666667	-9.01289046748788e-09
5.07173333333333	-1.98163250817805e-08
5.1051	-2.02645542919298e-08
5.13846666666667	-2.11610063511191e-08
5.17183333333333	-1.05822015917594e-08
5.2052	-1.05822015917594e-08
5.23856666666667	4.48509098961259e-10
5.27193333333333	1.14829346775499e-08
5.3053	1.10342729119639e-08
5.33866666666667	1.08099420291709e-08
5.37203333333333	1.10342729119639e-08
5.4054	1.14829346775499e-08
5.43876666666667	1.12586037947569e-08
5.47213333333333	1.10342729119639e-08
5.5055	1.17072655603429e-08
5.53886666666667	2.24261546700929e-09
5.57223333333333	-7.89191033111542e-09
5.6056	-1.95922041155965e-08
5.63896666666667	-2.04886752581138e-08
5.67233333333333	-2.07127835020791e-08
5.7057	-3.12883440956637e-08
5.73906666666667	-2.02645542919298e-08
5.77243333333333	-2.16092228390496e-08
5.8058	-1.21514363827186e-08
5.83916666666667	-1.2823945586786e-08
5.87253333333333	9.91264394243645e-09
5.9059	1.01369684641201e-08
5.93926666666667	2.09502500757066e-08
5.97263333333333	2.09502500757066e-08
6.006	2.16234526406945e-08
6.03936666666667	2.29698895762172e-08
6.07273333333333	2.36431303078613e-08
6.1061	1.28289517798546e-08
6.13946666666667	1.28289517798546e-08
6.17283333333333	1.30532953848663e-08
6.2062	2.01834819530993e-09
6.23956666666667	-9.01289046748788e-09
6.27293333333333	-2.02645542919298e-08
6.3063	-2.02645542919298e-08
6.33966666666667	-3.17364270002976e-08
6.37303333333333	-2.13851209561937e-08
6.4064	-1.10305643852053e-08
6.43976666666667	-1.14789208175419e-08
6.47313333333333	0
6.5065	4.48509098961259e-10
6.53986666666667	1.10342729119639e-08
6.57323333333333	2.11746509307025e-08
6.6066	2.11746509307025e-08
6.63996666666667	2.27454759990025e-08
6.67333333333333	1.35019889559991e-08
6.7067	3.1397036371348e-09
6.74006666666667	-8.56450859071388e-09
6.77343333333333	-2.02645542919298e-08
6.8068	-1.95922041155965e-08
6.84016666666667	-2.97200189433434e-08
6.87353333333333	-2.94959679493623e-08
6.9069	-2.02645542919298e-08
6.94026666666667	-1.08063861690371e-08
6.97363333333333	0
7.007	4.48509098961259e-10
7.04036666666667	2.27454759990025e-08
7.07373333333333	3.3113969760605e-08
7.1071	3.17671129918644e-08
7.14046666666667	4.30366578947255e-08
7.17383333333333	5.5208634299577e-08
7.2072	5.58825429477042e-08
7.24056666666667	4.48331051510191e-08
7.27393333333333	4.4608545268289e-08
7.3073	2.29698895762172e-08
7.34066666666667	1.79408092361058e-09
7.37403333333333	-8.56450859071388e-09
7.4074	-3.06162165581581e-08
7.44076666666667	-4.16365586406172e-08
7.47413333333333	-5.26532367240833e-08
7.5075	-6.41139138799723e-08
7.54086666666667	-6.52329920446452e-08
7.57423333333333	-5.48921309421152e-08
7.6076	-4.4548057479357e-08
7.64096666666667	-3.33046567359775e-08
7.67433333333333	-1.14789208175419e-08
7.7077	9.91264394243645e-09
7.74106666666667	2.05014610879333e-08
7.77443333333333	3.19915838190633e-08
7.8078	4.41594255028289e-08
7.84116666666667	5.61071791637466e-08
7.87453333333333	5.61071791637466e-08
7.9079	5.58825429477042e-08
7.94126666666667	4.57313637652674e-08
7.97463333333333	3.58078550480391e-08
8.008	2.54385025366725e-08
8.04136666666667	1.37263325610108e-08
8.07473333333333	-9.23708776698424e-09
8.1081	-2.02645542919298e-08
8.14146666666667	-3.08402611910297e-08
8.17483333333333	-3.10643058239014e-08
8.2082	-3.24085354544751e-08
8.24156666666667	-3.3528682285521e-08
8.27493333333333	-2.27297386144386e-08
8.3083	-2.22815412098361e-08
8.34166666666667	-1.10305643852053e-08
8.37503333333333	-2.2425454948063e-10
8.4084	-4.48502737851896e-10
8.44176666666667	4.48509098961259e-10
8.47513333333333	1.79408092361058e-09
8.5085	2.46688909981801e-09
8.54186666666667	2.46688909981801e-09
8.57523333333333	2.24261546700929e-09
8.6086	2.46688909981801e-09
8.64196666666667	-8.11611399172115e-09
8.67533333333333	-8.11611399172115e-09
8.7087	2.01834819530993e-09
8.74206666666667	1.12129183073124e-09
8.77543333333333	8.97030920141244e-10
8.8088	1.17072655603429e-08
8.84216666666667	2.22966615667918e-08
8.87553333333333	3.244053819568e-08
8.9089	4.28121107342142e-08
8.94226666666667	4.28121107342142e-08
8.97563333333333	5.45347383736685e-08
9.009	5.4984004444644e-08
9.04236666666667	4.37103184595876e-08
9.07573333333333	3.28894925722967e-08
9.1091	1.17072655603429e-08
9.14246666666667	-9.23708776698424e-09
9.17583333333333	-1.98163250817805e-08
9.2092	-5.31010270176865e-08
9.24256666666667	-6.45615515069508e-08
9.27593333333333	-7.55706535091656e-08
9.3093	-7.55706535091656e-08
9.34266666666667	-8.67997990064628e-08
9.37603333333333	-7.69130829457897e-08
9.4094	-6.65758413144872e-08
9.44276666666667	-4.49959559118194e-08
9.47613333333333	-2.27297386144386e-08
9.5095	-4.48502737851896e-10
9.54286666666667	3.22160610073717e-08
9.57623333333333	5.40854850249118e-08
9.6096	6.5362777758977e-08
9.64296666666667	7.75431381059689e-08
9.67633333333333	8.92783543808524e-08
9.7097	8.97281038961395e-08
9.74306666666667	7.86671016026325e-08
9.77643333333333	5.70057494723537e-08
9.8098	4.68542204289019e-08
9.84316666666667	2.52140762372391e-08
9.87653333333333	2.91543000432608e-09
9.9099	-1.98163250817805e-08
9.94326666666667	-3.15123887285353e-08
9.97663333333333	-4.27563937773043e-08
10.01	-5.39965948826743e-08
10.0433666666667	-5.44443660929494e-08
10.0767333333333	-5.51160101861434e-08
10.1101	-4.4548057479357e-08
10.1434666666667	-3.3528682285521e-08
10.1768333333333	-1.08063861690371e-08
10.2102	4.48509098961259e-10
10.2435666666667	2.25210687828971e-08
10.2769333333333	4.48331051510191e-08
10.3103	5.65564643180502e-08
10.3436666666667	5.72303984106148e-08
10.3770333333333	5.76796962871371e-08
10.4104	5.76796962871371e-08
10.4437666666667	4.64050752190044e-08
10.4771333333333	2.43163837617241e-08
10.5105	1.3277638989878e-08
10.5438666666667	-9.23708776698424e-09
10.5772333333333	-2.11610063511191e-08
10.6106	-3.2856599275781e-08
10.6439666666667	-4.43241019020164e-08
10.6773333333333	-4.47720066955882e-08
10.7107	-4.47720066955882e-08
10.7440666666667	-2.29538404972945e-08
10.7774333333333	-1.21514363827186e-08
10.8108	1.01369684641201e-08
10.8441666666667	2.18478534956905e-08
10.8775333333333	4.4608545268289e-08
10.9109	5.61071791637466e-08
10.9442666666667	6.73851779809511e-08
10.9776333333333	6.76098968914153e-08
11.011	5.70057494723537e-08
11.0443666666667	4.61805026140556e-08
11.0777333333333	3.49098699614934e-08
11.1111	1.23802772920499e-08
11.1444666666667	8.97030920141244e-10
11.1778333333333	-2.13851209561937e-08
11.2112	-3.24085354544751e-08
11.2445666666667	-4.36522351699947e-08
11.2779333333333	-5.53398894301717e-08
11.3113	-5.57876479182281e-08
11.3446666666667	-3.39767333846081e-08
11.3780333333333	-6.72750926223163e-10
11.4114	7.7093566701744e-08
11.4447666666667	2.44093768195007e-07
11.4781333333333	4.56577873577102e-07
11.5115	7.04571796950254e-07
11.5448666666667	9.88457338459536e-07
11.5782333333333	1.25130991638806e-06
11.6116	1.48124393147451e-06
11.6449666666667	1.63099137312591e-06
11.6783333333333	1.71157012803651e-06
11.7117	1.7228899002589e-06
11.7450666666667	1.68823342508888e-06
11.7784333333333	1.66490683630513e-06
11.8118	1.67574743888143e-06
11.8451666666667	1.7561580887549e-06
11.8785333333333	1.9646629958139e-06
11.9119	2.31343785771228e-06
11.9452666666667	2.80529035998396e-06
11.9786333333333	3.46284165074546e-06
12.012	4.20495196976812e-06
12.0453666666667	5.06289027248628e-06
12.0787333333333	6.08999759057388e-06
12.1121	7.13162249325504e-06
12.1454666666667	8.15513583544146e-06
12.1788333333333	8.67562521875972e-06
12.2122	9.20172889175726e-06
12.2455666666667	9.47336668332696e-06
12.2789333333333	9.45975115492994e-06
12.3123	9.20172889175726e-06
12.3456666666667	8.67562521875972e-06
12.3790333333333	7.93001980728092e-06
12.4124	7.15787115304129e-06
12.4457666666667	6.3563807623099e-06
12.4791333333333	5.60049162521287e-06
12.5125	4.83468642825768e-06
12.5458666666667	4.2174697042724e-06
12.5792333333333	3.95776960944971e-06
12.6126	3.83984644808002e-06
12.6459666666667	3.89916193544538e-06
12.6793333333333	4.12385052250117e-06
12.7127	4.47906142126966e-06
12.7460666666667	4.92033759538537e-06
12.7794333333333	5.38077003406981e-06
12.8128	5.87769346005899e-06
12.8461666666667	6.30842179529572e-06
12.8795333333333	6.78363498402917e-06
12.9129	7.11942531413489e-06
12.9462666666667	7.33969647968247e-06
12.9796333333333	7.44396857949824e-06
13.013	7.43092075466743e-06
13.0463666666667	7.3391672481057e-06
13.0797333333333	7.1687530710229e-06
13.1131	6.97326717296929e-06
13.1464666666667	6.74070107077287e-06
13.1798333333333	6.50954013763473e-06
13.2132	6.25432215680247e-06
13.2465666666667	5.97526299888345e-06
13.2799333333333	5.69960057158649e-06
13.3133	5.4037880072717e-06
13.3466666666667	5.13644019238412e-06
13.3800333333333	4.90808585703021e-06
13.4134	4.72856098742347e-06
13.4467666666667	4.63274098903486e-06
13.4801333333333	4.62084217774938e-06
13.5135	4.69253667654603e-06
13.5468666666667	4.8361468689952e-06
13.5802333333333	5.02791368084868e-06
13.6136	5.28127057283129e-06
13.6469666666667	5.57572968390693e-06
13.6803333333333	5.91282925118062e-06
13.7137	6.19070949197919e-06
13.7470666666667	6.53573959424005e-06
13.7804333333333	6.75465822890934e-06
13.8138	6.87097959933035e-06
13.8471666666667	6.91033633637529e-06
13.8805333333333	6.89817920679969e-06
13.9139	6.82108793645843e-06
13.9472666666667	6.70514537009998e-06
13.9806333333333	6.56378575722674e-06
14.014	6.39733719113743e-06
14.0473666666667	6.21846503496242e-06
14.0807333333333	6.0156744269441e-06
14.1141	5.80198839630899e-06
14.1474666666667	5.62730268340011e-06
14.1808333333333	5.45315171078871e-06
14.2142	5.31737949282437e-06
14.2475666666667	5.18272232644247e-06
14.2809333333333	5.0734958893216e-06
14.3143	5.01340722819651e-06
14.3476666666667	5.03752354234655e-06
14.3810333333333	5.12186945436073e-06
14.4144	5.27953596191912e-06
14.4477666666667	5.46369912983448e-06
14.4811333333333	5.7252775711965e-06
14.5145	6.00253867249856e-06
14.5478666666667	6.29488796898736e-06
14.5812333333333	6.55119651749212e-06
14.6146	6.79655393278429e-06
14.6479666666667	6.97906368298738e-06
14.6813333333333	7.10986973834433e-06
14.7147	7.14910342608975e-06
14.7480666666667	7.10934178535053e-06
14.7814333333333	6.96583891753853e-06
14.8148	6.75911941484997e-06
14.8481666666667	6.48935556157082e-06
14.8815333333333	6.208073227735e-06
14.9149	5.92872953739418e-06
14.9482666666667	5.61565663079517e-06
14.9816333333333	5.35678320030085e-06
15.015	5.13841003075943e-06
15.0483666666667	4.98143444781672e-06
15.0817333333333	4.86108105642047e-06
15.1151	4.78877106940409e-06
15.1484666666667	4.78877106940409e-06
15.1818333333333	4.84934187081335e-06
15.2152	4.96988873535087e-06
15.2485666666667	5.12605297787767e-06
15.2819333333333	5.30765201441438e-06
15.3153	5.49081924252011e-06
15.3486666666667	5.71357471388495e-06
15.3820333333333	5.95134510045666e-06
15.4154	6.15286725237914e-06
15.4487666666667	6.34230725948319e-06
15.4821333333333	6.52054987574788e-06
15.5155	6.67438379583177e-06
15.5488666666667	6.76494479794346e-06
15.5822333333333	6.82981133283881e-06
15.6156	6.80369708329341e-06
15.6489666666667	6.70042725895219e-06
15.6823333333333	6.50797489125934e-06
15.7157	6.30427255815825e-06
15.7490666666667	6.02599263613619e-06
15.7824333333333	5.74971774850754e-06
15.8158	5.45190228077098e-06
15.8491666666667	5.18370919531015e-06
15.8825333333333	4.95541452716206e-06
15.9159	4.78779894558792e-06
15.9492666666667	4.71541698261909e-06
15.9826333333333	4.73855565787114e-06
16.016	4.83322605113125e-06
16.0493666666667	5.02521742286745e-06
16.0827333333333	5.2556639716186e-06
16.1161	5.53689032769202e-06
16.1494666666667	5.80941463526808e-06
16.1828333333333	6.07347976150226e-06
16.2162	6.28970376663432e-06
16.2495666666667	6.45693638398038e-06
16.2829333333333	6.54701808286268e-06
16.3163	6.57245921253751e-06
16.3496666666667	6.54754036174692e-06
16.3830333333333	6.49722966079572e-06
16.4164	6.40805212363716e-06
16.4497666666667	6.33109460834247e-06
16.4831333333333	6.24158862802417e-06
16.5165	6.19096782299153e-06
16.5498666666667	6.11559169856779e-06
16.5832333333333	6.02727640978338e-06
16.6166	5.91334037904015e-06
16.6499666666667	5.77494817915695e-06
16.6833333333333	5.63794638419719e-06
16.7167	5.50213870940926e-06
16.7500666666667	5.40403728642541e-06
16.7834333333333	5.31812420061971e-06
16.8168	5.28127057283129e-06
16.8501666666667	5.28176620502842e-06
16.8835333333333	5.31986195391991e-06
16.9169	5.39377060858028e-06
16.9502666666667	5.52906222564892e-06
16.9836333333333	5.68993593457589e-06
17.017	5.85260000317749e-06
17.0503666666667	6.00459083635124e-06
17.0837333333333	6.13110437694343e-06
17.1171	6.19355122217044e-06
17.1504666666667	6.21794788949343e-06
17.1838333333333	6.1285267409296e-06
17.2172	6.01439123851897e-06
17.2505666666667	5.87565214825888e-06
17.2839333333333	5.77469418006009e-06
17.3173	5.71154874508062e-06
17.3506666666667	5.73647993006227e-06
17.3840333333333	5.83649744640842e-06
17.4174	5.96266086518015e-06
17.4507666666667	6.10240532877505e-06
17.4841333333333	6.22989522332113e-06
17.5175	6.3321327413905e-06
17.5508666666667	6.39655703287962e-06
17.5842333333333	6.41013328778743e-06
17.6176	6.33369001729585e-06
17.6509666666667	6.21949935134483e-06
17.6843333333333	6.02958737537049e-06
17.7177	5.84031845030276e-06
17.7510666666667	5.6774947560228e-06
17.7844333333333	5.56537158419803e-06
17.8178	5.5031408449394e-06
17.8511666666667	5.49031848962996e-06
17.8845333333333	5.53889830727907e-06
17.9179	5.63668486171055e-06
17.9512666666667	5.76067928213394e-06
17.9846333333333	5.8731007645434e-06
18.018	5.97423810966512e-06
18.0513666666667	6.0120816596537e-06
18.0847333333333	5.98633351739657e-06
18.1181	5.91078484788136e-06
18.1514666666667	5.83649744640842e-06
18.1848333333333	5.76245614989561e-06
18.2182	5.72502417004392e-06
18.2515666666667	5.72451738046098e-06
18.2849333333333	5.77393221457505e-06
18.3183	5.87488670960813e-06
18.3516666666667	6.02701964996505e-06
18.3850333333333	6.15364119583311e-06
18.4184	6.25458104759244e-06
18.4517666666667	6.29229575967198e-06
18.4851333333333	6.24132985173418e-06
18.5185	6.1274957577685e-06
18.5518666666667	6.00151265100276e-06
18.5852333333333	5.88846337798805e-06
18.6186	5.81348542084378e-06
18.6519666666667	5.75149370026947e-06
18.6853333333333	5.74002974714225e-06
18.7187	5.72857204698555e-06
18.7520666666667	5.72907893834624e-06
18.7854333333333	5.71686733859117e-06
18.8188	5.67951735343917e-06
18.8521666666667	5.63032901934618e-06
18.8855333333333	5.55677783358757e-06
18.9189	5.4709513288414e-06
18.9522666666667	5.38450525840439e-06
18.9856333333333	5.32209642716693e-06
19.019	5.33332104355436e-06
19.0523666666667	5.4192979440092e-06
19.0857333333333	5.53031666822084e-06
19.1191	5.70339722515419e-06
19.1524666666667	5.88973988724835e-06
19.1858333333333	6.08974020736684e-06
19.2192	6.28084181893091e-06
19.2525666666667	6.4096129872082e-06
19.2859333333333	6.48726972200517e-06
19.3193	6.51214902577885e-06
19.3526666666667	6.47209985653532e-06
19.3860333333333	6.35715997276242e-06
19.4194	6.23092994045343e-06
19.4527666666667	6.07939653465397e-06
19.4861333333333	5.92693947033058e-06
19.5195	5.78693918836154e-06
19.5528666666667	5.66152435766185e-06
19.5862333333333	5.5255502253641e-06
19.6196	5.3533016824521e-06
19.6529666666667	5.19387546304399e-06
19.6863333333333	5.03531665086972e-06
19.7197	4.91447905818988e-06
19.7530666666667	4.86624531669566e-06
19.7864333333333	4.8902299686041e-06
19.8198	4.9861318917202e-06
19.8531666666667	5.1921477030466e-06
19.8865333333333	5.43736567009932e-06
19.9199	5.76017163380123e-06
19.9532666666667	6.09957294941457e-06
19.9866333333333	6.36734235318628e-06
20.02	6.60000858560518e-06
20.0533666666667	6.74332447496857e-06
20.0867333333333	6.78232216555663e-06
20.1201	6.72963293767577e-06
20.1534666666667	6.58793065820226e-06
20.1868333333333	6.38350613563298e-06
20.2202	6.16840091605456e-06
20.2535666666667	5.91538500497824e-06
20.2869333333333	5.70162536358558e-06
20.3203	5.50188818983922e-06
20.3536666666667	5.35479368701428e-06
20.3870333333333	5.25888195506755e-06
20.4204	5.22361179187174e-06
20.4537666666667	5.22336463732855e-06
20.4871333333333	5.28300532368788e-06
20.5205	5.34380604739506e-06
20.5538666666667	5.41879901039632e-06
20.5872333333333	5.48175863101019e-06
20.6206	5.56863961685545e-06
20.6539666666667	5.65440297486897e-06
20.6873333333333	5.7031440911682e-06
20.7207	5.75301606004553e-06
20.7540666666667	5.77875847094313e-06
20.7874333333333	5.80376866726417e-06
20.8208	5.87769346005899e-06
20.8541666666667	5.95160107785853e-06
20.8875333333333	6.0520382683949e-06
20.9209	6.15389918970665e-06
20.9542666666667	6.21794788949343e-06
20.9876333333333	6.26835610625117e-06
21.021	6.29229575967198e-06
21.0543666666667	6.31755102409234e-06
21.0877333333333	6.30582846006398e-06
21.1211	6.25587552062557e-06
21.1544666666667	6.16711033602036e-06
21.1878333333333	6.06494238940409e-06
21.2212	5.91282925118062e-06
21.2545666666667	5.76296385547831e-06
21.2879333333333	5.57698723706132e-06
21.3213	5.30665956685379e-06
21.3546666666667	4.91765227851225e-06
21.3880333333333	4.30952797794482e-06
21.4214	3.37859492114846e-06
21.4547666666667	2.61623142149741e-06
21.4881333333333	1.08861271276779e-06
21.5215	NaN
21.5548666666667	NaN
21.5882333333333	-2.70738047636415e-06
21.6216	NaN
21.6549666666667	-5.84088677089657e-06
21.6883333333333	-6.47829838230404e-06
21.7217	-7.09046635739906e-06
21.7550666666667	-7.250146690404e-06
21.7884333333333	-6.99041229011852e-06
21.8218	-6.4978388642394e-06
21.8551666666667	NaN
21.8885333333333	NaN
21.9219	NaN
21.9552666666667	NaN
21.9886333333333	NaN
22.022	NaN
22.0553666666667	4.85377336309547e-06
22.0887333333333	5.95753950422651e-06
22.1221	6.95582920942833e-06
22.1554666666667	7.35912182553837e-06
22.1888333333333	7.35991604820899e-06
22.2222	6.93123541768728e-06
22.2555666666667	6.04664161135025e-06
22.2889333333333	4.90222990244512e-06
22.3223	NaN
22.3556666666667	NaN
22.3890333333333	-2.95229816724939e-07
22.4224	NaN
22.4557666666667	NaN
22.4891333333333	-4.22347253687267e-06
22.5225	-4.6535962104978e-06
22.5558666666667	-5.42909064287349e-06
22.5892333333333	-5.68427668457563e-06
22.6226	-5.60369815230386e-06
22.6559666666667	-5.18616737605125e-06
22.6893333333333	-4.44948852206366e-06
22.7227	-3.23665697529527e-06
22.7560666666667	-2.30511525574953e-06
22.7894333333333	-8.50195706707119e-07
22.8228	-3.9441500099427e-07
22.8561666666667	9.18215169985976e-07
22.8895333333333	1.81353116684852e-06
22.9229	2.6403511642854e-06
22.9562666666667	3.19144949341381e-06
22.9896333333333	3.47317048935129e-06
23.023	3.57905565836264e-06
23.0563666666667	3.48565171744893e-06
23.0897333333333	3.1919272381714e-06
23.1231	2.75745970926785e-06
23.1564666666667	2.1489308866727e-06
23.1898333333333	1.52282630618557e-06
23.2232	8.72150783062231e-07
23.2565666666667	1.54596973318632e-07
23.2899333333333	-3.62567222774574e-07
23.3233	-9.70571018486233e-07
23.3566666666667	-1.34612061663739e-06
23.3900333333333	-1.63304555345026e-06
23.4234	-1.843971568705e-06
23.4567666666667	-1.88603098845163e-06
23.4901333333333	-1.84461624169449e-06
23.5235	-1.70746803944164e-06
23.5568666666667	-1.49454828712371e-06
23.5902333333333	-1.22672860514359e-06
23.6236	-9.15041803358092e-07
23.6569666666667	-5.81132268818815e-07
23.6903333333333	-2.87181900186698e-07
23.7237	-1.21514363827186e-08
23.7570666666667	2.21185199713049e-07
23.7904333333333	3.88551533939024e-07
23.8238	4.99807546613226e-07
23.8571666666667	5.77485044071159e-07
23.8905333333333	6.11452795569347e-07
23.9239	6.11910242026963e-07
23.9572666666667	6.00659844063284e-07
23.9906333333333	5.55011550025187e-07
24.024	5.09883117649775e-07
24.0573666666667	4.5407407732076e-07
24.0907333333333	4.09998154100538e-07
24.1241	3.54594742632268e-07
24.1574666666667	3.21582544260361e-07
24.1908333333333	2.88380441329532e-07
24.2242	2.55441790104079e-07
24.2575666666667	2.00100265868801e-07
24.2909333333333	1.44865080298743e-07
24.3243	6.78346158018794e-08
24.3576666666667	-3.10643058239014e-08
24.3910333333333	-1.19570943139062e-07
24.4244	-2.40724314009902e-07
24.4577666666667	-3.50539249163481e-07
24.4911333333333	-4.59354930369456e-07
24.5245	-5.6829243954195e-07
24.5578666666667	-6.44209270983755e-07
24.5912333333333	-7.09383301905715e-07
24.6246	-7.42479492365651e-07
24.6579666666667	-7.31889962775905e-07
24.6913333333333	-6.88403867060252e-07
24.7247	-5.90439316066573e-07
24.7580666666667	-4.60240155070619e-07
24.7914333333333	-3.07943187147669e-07
24.8248	-1.32572382760402e-07
24.8581666666667	4.4608545268289e-08
24.8915333333333	2.22314474736031e-07
24.9249	4.00409029819191e-07
24.9582666666667	5.4492187640918e-07
24.9916333333333	6.68218947496436e-07
25.025	7.58506135655593e-07
25.0583666666667	7.92653842937658e-07
25.0917333333333	7.6980846571611e-07
25.1251	7.0113173445122e-07
25.1584666666667	5.87584768239959e-07
25.1918333333333	4.41513462578271e-07
25.2252	2.74756878851389e-07
25.2585666666667	6.44639720893235e-08
25.2919333333333	-1.34135898914044e-07
25.3253	-3.21096307421768e-07
25.3586666666667	-4.9531969490215e-07
25.3920333333333	-6.35576011523047e-07
25.4254	-7.43138554184525e-07
25.4587666666667	-7.96921441237042e-07
25.4921333333333	-8.08152062511712e-07
25.5255	-7.86346103282286e-07
25.5588666666667	-7.10262776164015e-07
25.5922333333333	-5.90659855728185e-07
25.6256	-4.60240155070619e-07
25.6589666666667	-2.97008306569501e-07
25.6923333333333	-1.22028805824694e-07
25.7257	5.40854850249118e-08
25.7590666666667	1.98069176371437e-07
25.7924333333333	3.43208662205878e-07
25.8258	4.44698877147288e-07
25.8591666666667	5.12619355203348e-07
25.8925333333333	5.68302102067072e-07
25.9259	5.66931601054829e-07
25.9592666666667	5.44237109347371e-07
25.9926333333333	4.79210376273818e-07
26.026	4.02226812236288e-07
26.0593666666667	2.78829973509783e-07
26.0927333333333	1.65458879250189e-07
26.1261	4.32612114163462e-08
26.1594666666667	-8.72471313001919e-08
26.1928333333333	-1.94873552221893e-07
26.2262	-2.93895892091533e-07
26.2595666666667	-3.72372879218636e-07
26.2929333333333	-4.28449855835127e-07
26.3263	-4.59797542720038e-07
26.3596666666667	-4.6935586650985e-07
26.3930333333333	-4.58469680223855e-07
26.4264	-4.2756386780084e-07
26.4597666666667	-3.63676695664109e-07
26.4931333333333	-2.98342116702938e-07
26.5265	-2.09183586539155e-07
26.5598666666667	-1.31455543706225e-07
26.5932333333333	-5.51160101861434e-08
26.6266	2.09502500757066e-08
26.6599666666667	8.63551765453223e-08
26.6933333333333	1.42612547862237e-07
26.7267	1.88097259611957e-07
26.7600666666667	2.2141105090098e-07
26.7934333333333	2.31394570323938e-07
26.8268	2.41607554044945e-07
26.8601666666667	2.30490860238965e-07
26.8935333333333	1.98294849448306e-07
26.9269	1.54371643741669e-07
26.9602666666667	1.09611303320652e-07
26.9936333333333	6.42392786232968e-08
27.027	1.93795077018283e-08
27.0603666666667	-3.5320842154104e-08
27.0937333333333	-7.84791880709423e-08
27.1271	-1.33465832375972e-07
27.1604666666667	-1.6708440985901e-07
27.1938333333333	-2.00669966823345e-07
27.2272	-2.33109290047136e-07
27.2605666666667	-2.53902579749313e-07
27.2939333333333	-2.52567077560785e-07
27.3273	-2.52344495983067e-07
27.3606666666667	-2.42060261476086e-07
27.3940333333333	-2.20814321592753e-07
27.4274	-1.87471434589504e-07
27.4607666666667	-1.53203260618324e-07
27.4941333333333	-1.19794389827654e-07
27.5275	-7.64656107076546e-08
27.5608666666667	-2.2505643092692e-08
27.5942333333333	2.11746509307025e-08
27.6276	5.5208634299577e-08
27.6609666666667	8.95032259579413e-08
27.6943333333333	1.11636483347418e-07
27.7277	1.32433971381774e-07
27.7610666666667	1.53920990948852e-07
27.7944333333333	1.54596973318632e-07
27.8278	1.45315605869372e-07
27.8611666666667	1.23609274334788e-07
27.8945333333333	1.00567949500426e-07
27.9279	6.64863150613133e-08
27.9612666666667	2.25210687828971e-08
27.9946333333333	-2.00404396868552e-08
28.028	-6.32186195426871e-08
28.0613666666667	-1.19347490089361e-07
28.0947333333333	-1.54096163178489e-07
28.1281	-1.87471434589504e-07
28.1614666666667	-2.08514989417346e-07
28.1948333333333	-2.29768460854165e-07
28.2282	-2.30436650864975e-07
28.2615666666667	-2.32218435764187e-07
28.2949333333333	-2.10966465549178e-07
28.3283	-1.76944829093577e-07
28.3616666666667	-1.43112683724788e-07
28.3950333333333	-1.10364401419239e-07
28.4284	-5.66831394499035e-08
28.4617666666667	-1.30481110807355e-08
28.4951333333333	2.07258555818199e-08
28.5285	5.4984004444644e-08
28.5618666666667	8.83788871558252e-08
28.5952333333333	9.85434691956897e-08
28.6286	1.08711269956892e-07
28.6619666666667	1.20007696907921e-07
28.6953333333333	1.09836321203257e-07
28.7287	8.77043042301055e-08
28.7620666666667	6.49133717435956e-08
28.7954333333333	3.0420313473108e-08
28.8288	8.34242954063537e-09
28.8621666666667	-3.50968293267792e-08
28.8955333333333	-6.76948367847384e-08
28.9289	-1.00931773150438e-07
28.9622666666667	-1.23592811783757e-07
28.9956333333333	-1.45122279033614e-07
29.029	-1.55435475671525e-07
29.0623666666667	-1.65522407649396e-07
29.0957333333333	-1.65299259932945e-07
29.1291	-1.54542604916907e-07
29.1624666666667	-1.43559271768721e-07
29.1958333333333	-1.32349018766232e-07
29.2292	-1.10364401419239e-07
29.2625666666667	-8.81417768043221e-08
29.2959333333333	-6.500918277282e-08
29.3293	-3.17364270002976e-08
29.3626666666667	-1.10305643852053e-08
29.3960333333333	9.23968309960432e-09
29.4294	2.11746509307025e-08
29.4627666666667	3.55833524152933e-08
29.4961333333333	4.68542204289019e-08
29.5295	5.40854850249118e-08
29.5628666666667	5.11654813829538e-08
29.5962333333333	3.17671129918644e-08
29.6296	2.58873678577581e-08
29.6629666666667	1.55211640955262e-08
29.6963333333333	-8.97005475703793e-10
29.7297	-1.55138360975401e-08
29.7630666666667	-4.52199051280506e-08
29.7964333333333	-6.03087555090536e-08
29.8298	-8.23261389303754e-08
29.8631666666667	-8.8812752981033e-08
29.8965333333333	-1.04732319717069e-07
29.9299	-1.11705444134022e-07
29.9632666666667	-1.1666595807631e-07
29.9966333333333	-1.26987805822954e-07
30.03	-1.22252239791067e-07
30.0633666666667	-1.16398670621989e-07
30.0967333333333	-1.03167435924914e-07
30.1301	-8.54577639586193e-08
30.1634666666667	-7.31093876300245e-08
30.1968333333333	-5.64592665669847e-08
30.2302	-3.93528504071234e-08
30.2635666666667	-1.57379825081616e-08
30.2969333333333	1.34555274132123e-09
30.3303	3.5882572638616e-09
30.3636666666667	1.08099420291709e-08
30.3970333333333	1.7584466250704e-08
30.4304	2.90735648432265e-08
30.4637666666667	2.22966615667918e-08
30.4971333333333	1.4175032493253e-08
30.5305	6.72770009551252e-10
30.5638666666667	-2.58669805022499e-08
30.5972333333333	-2.65392098175053e-08
30.6306	-4.52199051280506e-08
30.6639666666667	-6.45615515069508e-08
30.6973333333333	-7.73605488228154e-08
30.7307	-8.0268924356858e-08
30.7640666666667	-9.1943767342778e-08
30.7974333333333	-1.00261045056992e-07
30.8308	-9.78015920940196e-08
30.8641666666667	-9.84723710763403e-08
30.8975333333333	-1.00931773150438e-07
30.9309	-9.01546544455799e-08
30.9642666666667	-8.81417768043221e-08
30.9976333333333	-7.5346907848434e-08
31.031	-6.500918277282e-08
31.0643666666667	-5.53398894301717e-08
31.0977333333333	-4.4548057479357e-08
31.1311	-3.21844971827128e-08
31.1644666666667	-2.04886752581138e-08
31.1978333333333	-1.03580233755912e-08
31.2312	-1.17030926726008e-08
31.2645666666667	-4.48502737851896e-10
31.2979333333333	1.19316028042452e-08
31.3313	6.72770009551252e-10
31.3646666666667	-2.2425454948063e-10
31.3980333333333	-1.19272645276597e-08
31.4314	-2.20574329658708e-08
31.4647666666667	-2.07127835020791e-08
31.4981333333333	-2.09368981071538e-08
31.5315	-3.33046567359775e-08
31.5648666666667	-5.57876479182281e-08
31.5982333333333	-5.44443660929494e-08
31.6316	-6.41139138799723e-08
31.6649666666667	-7.57943928087879e-08
31.6983333333333	-7.78080083387318e-08
31.7317	-8.94837100744158e-08
31.7650666666667	-8.81417768043221e-08
31.7984333333333	-8.67997990064628e-08
31.8318	-8.74707942665018e-08
31.8651666666667	-7.91503487198247e-08
31.8985333333333	-8.00452168627826e-08
31.9319	-6.76948367847384e-08
31.9652666666667	-5.4668251698087e-08
31.9986333333333	-3.30806248253245e-08
32.032	-3.55448549814288e-08
32.0653666666667	-2.4970655665248e-08
32.0987333333333	-2.34020315407876e-08
32.1321	-9.90965422103588e-09
32.1654666666667	-1.01338387983135e-08
32.1988333333333	-1.23756082377775e-08
32.2322	-1.34964357075253e-08
32.2655666666667	-1.19272645276597e-08
32.2989333333333	-3.19604652720599e-08
32.3323	-3.19604652720599e-08
32.3656666666667	-4.52199051280506e-08
32.3990333333333	-5.7802472058951e-08
32.4324	-6.79186333343449e-08
32.4657666666667	-7.64656107076546e-08
32.4991333333333	-7.62418714080323e-08
32.5325	-7.82554614935388e-08
32.5658666666667	-7.98215030075978e-08
32.5992333333333	-7.89266285035306e-08
32.6326	-7.64656107076546e-08
32.6659666666667	-6.500918277282e-08
32.6993333333333	-6.61282291319461e-08
32.7327	-5.62353936840658e-08
32.7660666666667	-4.4548057479357e-08
32.7994333333333	-4.25324318388544e-08
32.8328	-4.18605269401765e-08
32.8661666666667	-4.27563937773043e-08
32.8995333333333	-3.30806248253245e-08
32.9329	-3.30806248253245e-08
32.9662666666667	-3.19604652720599e-08
32.9996333333333	-2.04886752581138e-08
33.033	-2.13851209561937e-08
33.0663666666667	-3.37527078350646e-08
33.0997333333333	-3.37527078350646e-08
33.1331	-3.2856599275781e-08
33.1664666666667	-3.21844971827128e-08
33.1998333333333	-3.2856599275781e-08
33.2332	-4.47720066955882e-08
33.2665666666667	-4.47720066955882e-08
33.2999333333333	-4.38761907473353e-08
33.3333	-4.34282795926541e-08
33.3666666666667	-5.4668251698087e-08
33.4000333333333	-5.51160101861434e-08
33.4334	-5.51160101861434e-08
33.4667666666667	-6.5680616949405e-08
33.5001333333333	-6.54568076775798e-08
33.5335	-6.61282291319461e-08
33.5668666666667	-6.67996442252031e-08
33.6002333333333	-6.70234471359189e-08
33.6336	-6.67996442252031e-08
33.6669666666667	-6.67996442252031e-08
33.7003333333333	-6.76948367847384e-08
33.7337	-5.71308724935225e-08
33.7670666666667	-5.6907005971713e-08
33.8004333333333	-4.52199051280506e-08
33.8338	-4.52199051280506e-08
33.8671666666667	-4.56677908382943e-08
33.9005333333333	-3.46487909499108e-08
33.9339	-3.42007525730423e-08
33.9672666666667	-3.3528682285521e-08
34.0006333333333	-3.3528682285521e-08
34.034	-3.39767333846081e-08
34.0673666666667	-3.42007525730423e-08
34.1007333333333	-4.47720066955882e-08
34.1341	-4.43241019020164e-08
34.1674666666667	-4.43241019020164e-08
34.2008333333333	-4.49959559118194e-08
34.2342	-5.64592665669847e-08
34.2675666666667	-6.70234471359189e-08
34.3009333333333	-6.65758413144872e-08
34.3343	-6.67996442252031e-08
34.3676666666667	-6.74710402351319e-08
34.4010333333333	-6.76948367847384e-08
34.4344	-6.67996442252031e-08
34.4677666666667	-5.51160101861434e-08
34.5011333333333	-5.48921309421152e-08
34.5345	-4.41001463246758e-08
34.5678666666667	-4.43241019020164e-08
34.6012333333333	-4.34282795926541e-08
34.6346	-4.29803557157542e-08
34.6679666666667	-4.29803557157542e-08
34.7013333333333	-4.36522351699947e-08
34.7347	-4.38761907473353e-08
34.7680666666667	-4.36522351699947e-08
34.8014333333333	-4.32043176542042e-08
34.8348	-5.44443660929494e-08
34.8681666666667	-4.43241019020164e-08
34.9015333333333	-4.47720066955882e-08
34.9349	-5.55637686741999e-08
34.9682666666667	-4.38761907473353e-08
35.0016333333333	-4.41001463246758e-08
35.035	-5.55637686741999e-08
35.0683666666667	-4.49959559118194e-08
35.1017333333333	-4.4548057479357e-08
35.1351	-5.48921309421152e-08
35.1684666666667	-5.4668251698087e-08
35.2018333333333	-4.38761907473353e-08
35.2352	-5.55637686741999e-08
35.2685666666667	-5.53398894301717e-08
35.3019333333333	-5.48921309421152e-08
35.3353	-5.48921309421152e-08
35.3686666666667	-6.65758413144872e-08
35.4020333333333	-5.62353936840658e-08
35.4354	-6.74710402351319e-08
35.4687666666667	-6.70234471359189e-08
35.5021333333333	-6.67996442252031e-08
35.5355	-6.74710402351319e-08
35.5688666666667	-5.6907005971713e-08
35.6022333333333	-4.58917400545255e-08
35.6356	-4.54438479831724e-08
35.6689666666667	-4.49959559118194e-08
35.7023333333333	-4.49959559118194e-08
35.7357	-4.54438479831724e-08
35.7690666666667	-3.42007525730423e-08
35.8024333333333	-3.3528682285521e-08
35.8358	-3.30806248253245e-08
35.8691666666667	-4.43241019020164e-08
35.9025333333333	-4.4548057479357e-08
35.9359	-4.4548057479357e-08
35.9692666666667	-4.43241019020164e-08
36.0026333333333	-4.43241019020164e-08
36.036	-5.55637686741999e-08
36.0693666666667	-5.60115208011469e-08
36.1027333333333	-5.60115208011469e-08
36.1361	-5.57876479182281e-08
36.1694666666667	-5.57876479182281e-08
36.2028333333333	-5.57876479182281e-08
36.2362	-4.47720066955882e-08
36.2695666666667	-4.4548057479357e-08
36.3029333333333	-4.41001463246758e-08
36.3363	-4.38761907473353e-08
36.3696666666667	-4.38761907473353e-08
36.4030333333333	-4.36522351699947e-08
36.4364	-3.24085354544751e-08
36.4697666666667	-3.24085354544751e-08
36.5031333333333	-4.34282795926541e-08
36.5365	-4.34282795926541e-08
36.5698666666667	-4.34282795926541e-08
36.6032333333333	-4.34282795926541e-08
36.6366	-4.34282795926541e-08
36.6699666666667	-4.38761907473353e-08
36.7033333333333	-4.41001463246758e-08
36.7367	-5.55637686741999e-08
36.7700666666667	-4.4548057479357e-08
36.8034333333333	-4.43241019020164e-08
36.8368	-4.4548057479357e-08
36.8701666666667	-4.4548057479357e-08
36.9035333333333	-4.4548057479357e-08
36.9369	-4.43241019020164e-08
36.9702666666667	-4.41001463246758e-08
37.0036333333333	-3.30806248253245e-08
37.037	-3.30806248253245e-08
37.0703666666667	-3.30806248253245e-08
37.1037333333333	-3.30806248253245e-08
37.1371	-3.30806248253245e-08
37.1704666666667	-4.4548057479357e-08
37.2038333333333	-4.47720066955882e-08
37.2372	-4.52199051280506e-08
37.2705666666667	-4.52199051280506e-08
37.3039333333333	-4.52199051280506e-08
37.3373	-5.64592665669847e-08
37.3706666666667	-4.56677908382943e-08
37.4040333333333	-4.56677908382943e-08
37.4374	-4.56677908382943e-08
37.4707666666667	-4.54438479831724e-08
37.5041333333333	-4.54438479831724e-08
37.5375	-4.52199051280506e-08
37.5708666666667	-4.49959559118194e-08
37.6042333333333	-4.47720066955882e-08
37.6376	-4.43241019020164e-08
37.6709666666667	-4.43241019020164e-08
37.7043333333333	-4.43241019020164e-08
37.7377	-4.43241019020164e-08
37.7710666666667	-4.43241019020164e-08
37.8044333333333	-5.53398894301717e-08
37.8378	-5.53398894301717e-08
37.8711666666667	-5.53398894301717e-08
37.9045333333333	-5.55637686741999e-08
37.9379	-5.55637686741999e-08
37.9712666666667	-5.55637686741999e-08
38.0046333333333	-5.53398894301717e-08
38.038	-4.4548057479357e-08
38.0713666666667	-4.43241019020164e-08
38.1047333333333	-4.41001463246758e-08
38.1381	-4.38761907473353e-08
38.1714666666667	-3.2632567365128e-08
38.2048333333333	-3.2632567365128e-08
38.2382	-3.24085354544751e-08
38.2715666666667	-3.24085354544751e-08
38.3049333333333	-4.34282795926541e-08
38.3383	-4.34282795926541e-08
38.3716666666667	-4.34282795926541e-08
38.4050333333333	-5.4668251698087e-08
38.4384	-5.4668251698087e-08
38.4717666666667	-5.51160101861434e-08
38.5051333333333	-5.51160101861434e-08
38.5385	-5.53398894301717e-08
38.5718666666667	-5.53398894301717e-08
38.6052333333333	-5.55637686741999e-08
38.6386	-5.55637686741999e-08
38.6719666666667	-5.55637686741999e-08
38.7053333333333	-5.55637686741999e-08
38.7387	-4.4548057479357e-08
38.7720666666667	-4.43241019020164e-08
38.8054333333333	-4.4548057479357e-08
38.8388	-4.43241019020164e-08
38.8721666666667	-4.43241019020164e-08
38.9055333333333	-4.43241019020164e-08
38.9389	-4.43241019020164e-08
38.9722666666667	-4.4548057479357e-08
39.0056333333333	-5.57876479182281e-08
39.039	-5.60115208011469e-08
39.0723666666667	-5.60115208011469e-08
39.1057333333333	-4.52199051280506e-08
39.1391	-5.64592665669847e-08
39.1724666666667	-4.54438479831724e-08
39.2058333333333	-4.54438479831724e-08
39.2392	-4.52199051280506e-08
39.2725666666667	-4.52199051280506e-08
39.3059333333333	-4.49959559118194e-08
39.3393	-4.49959559118194e-08
39.3726666666667	-4.47720066955882e-08
39.4060333333333	-4.43241019020164e-08
39.4394	-4.41001463246758e-08
39.4727666666667	-4.41001463246758e-08
39.5061333333333	-4.41001463246758e-08
39.5395	-4.41001463246758e-08
39.5728666666667	-4.41001463246758e-08
39.6062333333333	-4.38761907473353e-08
39.6396	-5.48921309421152e-08
39.6729666666667	-5.51160101861434e-08
39.7063333333333	-5.53398894301717e-08
39.7397	-4.43241019020164e-08
39.7730666666667	-4.43241019020164e-08
39.8064333333333	-4.41001463246758e-08
39.8398	-4.41001463246758e-08
39.8731666666667	-4.41001463246758e-08
39.9065333333333	-3.30806248253245e-08
39.9399	-3.2856599275781e-08
39.9732666666667	-3.2632567365128e-08
40.0066333333333	-3.24085354544751e-08
40.04	-3.24085354544751e-08
40.0733666666667	-3.2632567365128e-08
40.1067333333333	-3.24085354544751e-08
40.1401	-3.24085354544751e-08
40.1734666666667	-4.34282795926541e-08
40.2068333333333	-4.38761907473353e-08
40.2402	-4.43241019020164e-08
40.2735666666667	-5.53398894301717e-08
40.3069333333333	-5.55637686741999e-08
40.3403	-5.57876479182281e-08
40.3736666666667	-6.67996442252031e-08
40.4070333333333	-5.60115208011469e-08
40.4404	-5.62353936840658e-08
40.4737666666667	-5.62353936840658e-08
40.5071333333333	-5.62353936840658e-08
40.5405	-4.49959559118194e-08
40.5738666666667	-4.47720066955882e-08
40.6072333333333	-4.47720066955882e-08
40.6406	-4.4548057479357e-08
40.6739666666667	-4.4548057479357e-08
40.7073333333333	-4.4548057479357e-08
40.7407	-4.4548057479357e-08
40.7740666666667	-4.4548057479357e-08
40.8074333333333	-4.47720066955882e-08
40.8408	-4.47720066955882e-08
40.8741666666667	-4.47720066955882e-08
40.9075333333333	-4.49959559118194e-08
40.9409	-4.49959559118194e-08
40.9742666666667	-4.52199051280506e-08
41.0076333333333	-4.52199051280506e-08
41.041	-4.49959559118194e-08
41.0743666666667	-3.37527078350646e-08
41.1077333333333	-3.37527078350646e-08
41.1411	-3.3528682285521e-08
41.1744666666667	-3.33046567359775e-08
41.2078333333333	-3.30806248253245e-08
41.2412	-3.2856599275781e-08
41.2745666666667	-3.2632567365128e-08
41.3079333333333	-3.2632567365128e-08
41.3413	-3.2632567365128e-08
41.3746666666667	-4.36522351699947e-08
41.4080333333333	-4.36522351699947e-08
41.4414	-4.38761907473353e-08
41.4747666666667	-4.41001463246758e-08
41.5081333333333	-4.41001463246758e-08
41.5415	-4.43241019020164e-08
41.5748666666667	-4.43241019020164e-08
41.6082333333333	-4.43241019020164e-08
41.6416	-4.43241019020164e-08
41.6749666666667	-4.43241019020164e-08
41.7083333333333	-4.41001463246758e-08
41.7417	-4.41001463246758e-08
41.7750666666667	-4.38761907473353e-08
41.8084333333333	-3.2856599275781e-08
41.8418	-4.38761907473353e-08
41.8751666666667	-3.2632567365128e-08
41.9085333333333	-3.2632567365128e-08
41.9419	-4.38761907473353e-08
41.9752666666667	-4.38761907473353e-08
42.0086333333333	-4.38761907473353e-08
42.042	-4.41001463246758e-08
42.0753666666667	-4.43241019020164e-08
42.1087333333333	-4.4548057479357e-08
42.1421	-4.47720066955882e-08
42.1754666666667	-4.49959559118194e-08
42.2088333333333	-4.49959559118194e-08
42.2422	-4.49959559118194e-08
42.2755666666667	-4.49959559118194e-08
42.3089333333333	-4.49959559118194e-08
42.3423	-3.37527078350646e-08
42.3756666666667	-3.37527078350646e-08
42.4090333333333	-4.4548057479357e-08
42.4424	-4.4548057479357e-08
42.4757666666667	-4.4548057479357e-08
42.5091333333333	-4.4548057479357e-08
42.5425	-4.4548057479357e-08
42.5758666666667	-4.43241019020164e-08
42.6092333333333	-4.4548057479357e-08
42.6426	-4.47720066955882e-08
42.6759666666667	-4.47720066955882e-08
42.7093333333333	-4.49959559118194e-08
42.7427	-4.49959559118194e-08
42.7760666666667	-4.52199051280506e-08
42.8094333333333	-4.52199051280506e-08
42.8428	-4.52199051280506e-08
42.8761666666667	-3.39767333846081e-08
42.9095333333333	-3.39767333846081e-08
42.9429	-3.37527078350646e-08
42.9762666666667	-3.37527078350646e-08
43.0096333333333	-3.3528682285521e-08
43.043	-3.33046567359775e-08
43.0763666666667	-3.30806248253245e-08
43.1097333333333	-3.30806248253245e-08
43.1431	-3.30806248253245e-08
43.1764666666667	-3.30806248253245e-08
43.2098333333333	-4.41001463246758e-08
43.2432	-4.41001463246758e-08
43.2765666666667	-4.43241019020164e-08
43.3099333333333	-4.4548057479357e-08
43.3433	-4.47720066955882e-08
43.3766666666667	-4.4548057479357e-08
43.4100333333333	-4.47720066955882e-08
43.4434	-4.47720066955882e-08
43.4767666666667	-4.4548057479357e-08
43.5101333333333	-4.43241019020164e-08
43.5435	-3.33046567359775e-08
43.5768666666667	-3.30806248253245e-08
43.6102333333333	-3.30806248253245e-08
43.6436	-3.2856599275781e-08
43.6769666666667	-3.2856599275781e-08
43.7103333333333	-3.2856599275781e-08
43.7437	-3.2856599275781e-08
43.7770666666667	-3.2856599275781e-08
43.8104333333333	-3.30806248253245e-08
43.8438	-4.41001463246758e-08
43.8771666666667	-4.41001463246758e-08
43.9105333333333	-4.43241019020164e-08
43.9439	-4.4548057479357e-08
43.9772666666667	-4.47720066955882e-08
44.0106333333333	-4.47720066955882e-08
44.044	-3.37527078350646e-08
44.0773666666667	-3.39767333846081e-08
44.1107333333333	-3.39767333846081e-08
44.1441	-3.39767333846081e-08
44.1774666666667	-3.3528682285521e-08
44.2108333333333	-3.3528682285521e-08
44.2442	-3.3528682285521e-08
44.2775666666667	-3.3528682285521e-08
44.3109333333333	-3.3528682285521e-08
44.3443	-4.43241019020164e-08
44.3776666666667	-4.43241019020164e-08
44.4110333333333	-4.4548057479357e-08
44.4444	-5.55637686741999e-08
44.4777666666667	-5.55637686741999e-08
44.5111333333333	-5.57876479182281e-08
44.5445	-5.57876479182281e-08
44.5778666666667	-5.60115208011469e-08
44.6112333333333	-5.60115208011469e-08
44.6446	-5.60115208011469e-08
44.6779666666667	-4.49959559118194e-08
44.7113333333333	-4.47720066955882e-08
44.7447	-4.4548057479357e-08
44.7780666666667	-3.3528682285521e-08
44.8114333333333	-3.33046567359775e-08
44.8448	-3.33046567359775e-08
44.8781666666667	-4.41001463246758e-08
44.9115333333333	-4.38761907473353e-08
44.9449	-3.2856599275781e-08
44.9782666666667	-3.2856599275781e-08
45.0116333333333	-4.41001463246758e-08
45.045	-4.41001463246758e-08
45.0783666666667	-4.41001463246758e-08
45.1117333333333	-4.43241019020164e-08
45.1451	-4.4548057479357e-08
45.1784666666667	-5.55637686741999e-08
45.2118333333333	-5.57876479182281e-08
45.2452	-5.55637686741999e-08
45.2785666666667	-5.55637686741999e-08
45.3119333333333	-4.4548057479357e-08
45.3453	-4.43241019020164e-08
45.3786666666667	-4.43241019020164e-08
45.4120333333333	-4.41001463246758e-08
45.4454	-4.41001463246758e-08
45.4787666666667	-4.38761907473353e-08
45.5121333333333	-4.41001463246758e-08
45.5455	-4.38761907473353e-08
45.5788666666667	-4.38761907473353e-08
45.6122333333333	-4.41001463246758e-08
45.6456	-4.41001463246758e-08
45.6789666666667	-4.43241019020164e-08
45.7123333333333	-4.47720066955882e-08
45.7457	-4.47720066955882e-08
45.7790666666667	-5.60115208011469e-08
45.8124333333333	-5.60115208011469e-08
45.8458	-5.62353936840658e-08
45.8791666666667	-4.52199051280506e-08
45.9125333333333	-4.49959559118194e-08
45.9459	-4.4548057479357e-08
45.9792666666667	-4.4548057479357e-08
46.0126333333333	-3.33046567359775e-08
46.046	-3.33046567359775e-08
46.0793666666667	-3.33046567359775e-08
46.1127333333333	-3.30806248253245e-08
46.1461	-3.2856599275781e-08
46.1794666666667	-4.41001463246758e-08
46.2128333333333	-4.43241019020164e-08
46.2462	-4.43241019020164e-08
46.2795666666667	-4.43241019020164e-08
46.3129333333333	-4.43241019020164e-08
46.3463	-4.4548057479357e-08
46.3796666666667	-5.57876479182281e-08
46.4130333333333	-4.47720066955882e-08
46.4464	-4.47720066955882e-08
46.4797666666667	-4.4548057479357e-08
46.5131333333333	-4.4548057479357e-08
46.5465	-4.4548057479357e-08
46.5798666666667	-4.43241019020164e-08
46.6132333333333	-4.43241019020164e-08
46.6466	-4.41001463246758e-08
46.6799666666667	-3.2856599275781e-08
46.7133333333333	-4.38761907473353e-08
46.7467	-4.38761907473353e-08
46.7800666666667	-4.38761907473353e-08
46.8134333333333	-4.41001463246758e-08
46.8468	-4.41001463246758e-08
46.8801666666667	-5.51160101861434e-08
46.9135333333333	-4.43241019020164e-08
46.9469	-4.4548057479357e-08
46.9802666666667	-4.4548057479357e-08
47.0136333333333	-4.47720066955882e-08
47.047	-4.47720066955882e-08
47.0803666666667	-4.47720066955882e-08
47.1137333333333	-3.37527078350646e-08
47.1471	-3.3528682285521e-08
47.1804666666667	-3.3528682285521e-08
47.2138333333333	-3.3528682285521e-08
47.2472	-3.33046567359775e-08
47.2805666666667	-3.33046567359775e-08
47.3139333333333	-3.30806248253245e-08
47.3473	-3.30806248253245e-08
47.3806666666667	-4.43241019020164e-08
47.4140333333333	-4.43241019020164e-08
47.4474	-4.43241019020164e-08
47.4807666666667	-4.43241019020164e-08
47.5141333333333	-4.43241019020164e-08
47.5475	-5.60115208011469e-08
47.5808666666667	-4.49959559118194e-08
47.6142333333333	-4.49959559118194e-08
47.6476	-5.60115208011469e-08
47.6809666666667	-5.60115208011469e-08
47.7143333333333	-4.49959559118194e-08
47.7477	-4.49959559118194e-08
47.7810666666667	-4.47720066955882e-08
47.8144333333333	-4.43241019020164e-08
47.8478	-4.43241019020164e-08
47.8811666666667	-3.33046567359775e-08
47.9145333333333	-3.33046567359775e-08
47.9479	-3.33046567359775e-08
47.9812666666667	-4.41001463246758e-08
48.0146333333333	-4.41001463246758e-08
48.048	-4.43241019020164e-08
48.0813666666667	-4.4548057479357e-08
48.1147333333333	-4.4548057479357e-08
48.1481	-4.4548057479357e-08
48.1814666666667	-4.4548057479357e-08
48.2148333333333	-4.47720066955882e-08
48.2482	-3.37527078350646e-08
48.2815666666667	-3.37527078350646e-08
48.3149333333333	-3.3528682285521e-08
48.3483	-4.43241019020164e-08
48.3816666666667	-3.33046567359775e-08
48.4150333333333	-3.33046567359775e-08
48.4484	-3.30806248253245e-08
48.4817666666667	-3.30806248253245e-08
48.5151333333333	-3.2856599275781e-08
48.5485	-3.2856599275781e-08
48.5818666666667	-3.2856599275781e-08
48.6152333333333	-4.38761907473353e-08
48.6486	-3.2856599275781e-08
48.6819666666667	-4.41001463246758e-08
48.7153333333333	-4.43241019020164e-08
48.7487	-4.43241019020164e-08
48.7820666666667	-4.4548057479357e-08
48.8154333333333	-3.3528682285521e-08
48.8488	-4.47720066955882e-08
48.8821666666667	-3.37527078350646e-08
48.9155333333333	-3.3528682285521e-08
48.9489	-3.3528682285521e-08
48.9822666666667	-3.3528682285521e-08
49.0156333333333	-3.33046567359775e-08
49.049	-4.43241019020164e-08
49.0823666666667	-3.2856599275781e-08
49.1157333333333	-3.2856599275781e-08
49.1491	-4.41001463246758e-08
49.1824666666667	-4.41001463246758e-08
49.2158333333333	-4.41001463246758e-08
49.2492	-4.43241019020164e-08
49.2825666666667	-4.43241019020164e-08
49.3159333333333	-4.4548057479357e-08
49.3493	-5.55637686741999e-08
49.3826666666667	-4.47720066955882e-08
49.4160333333333	-4.47720066955882e-08
49.4494	-4.47720066955882e-08
49.4827666666667	-4.47720066955882e-08
49.5161333333333	-4.47720066955882e-08
49.5495	-4.47720066955882e-08
49.5828666666667	-3.3528682285521e-08
49.6162333333333	-3.3528682285521e-08
49.6496	-4.43241019020164e-08
49.6829666666667	-4.41001463246758e-08
49.7163333333333	-4.41001463246758e-08
49.7497	-4.41001463246758e-08
49.7830666666667	-4.41001463246758e-08
49.8164333333333	-4.38761907473353e-08
49.8498	-4.41001463246758e-08
49.8831666666667	-4.43241019020164e-08
49.9165333333333	-4.4548057479357e-08
49.9499	-4.4548057479357e-08
49.9832666666667	-4.4548057479357e-08
50.0166333333333	-4.47720066955882e-08
50.05	-4.47720066955882e-08
50.0833666666667	-4.47720066955882e-08
50.1167333333333	-4.4548057479357e-08
50.1501	-3.33046567359775e-08
50.1834666666667	-3.33046567359775e-08
50.2168333333333	-3.33046567359775e-08
50.2502	-3.30806248253245e-08
50.2835666666667	-3.2856599275781e-08
50.3169333333333	-3.2856599275781e-08
50.3503	-3.2856599275781e-08
50.3836666666667	-3.2856599275781e-08
50.4170333333333	-3.2856599275781e-08
50.4504	-3.2856599275781e-08
50.4837666666667	-3.30806248253245e-08
50.5171333333333	-3.33046567359775e-08
50.5505	-3.37527078350646e-08
50.5838666666667	-4.49959559118194e-08
50.6172333333333	-3.37527078350646e-08
50.6506	-2.22815412098361e-08
50.6839666666667	-2.16092228390496e-08
50.7173333333333	-2.13851209561937e-08
50.7507	-2.13851209561937e-08
50.7840666666667	-9.68546328264888e-09
50.8174333333333	-2.00404396868552e-08
50.8508	-8.78869952910088e-09
50.8841666666667	-2.02645542919298e-08
50.9175333333333	-2.11610063511191e-08
50.9509	-3.19604652720599e-08
50.9842666666667	-3.10643058239014e-08
51.0176333333333	-3.10643058239014e-08
